OBJECTID,REGION,NOM_REGION,PROVINCIA,NOM_PROVIN,COMUNA,NOM_COMUNA,T_HOM_R,T_MUJ_R,T_POB_R,T_HOM_U,T_MUJ_U,T_POB_U,T_HOM,T_MUJ,T_POB,T_VIV_U,T_VIV_R,T_VIV,Shape_Leng,Shape__Area,Shape__Length,SUPERFICIE__KM2_,Densidad_
1,12,REGIÓN DE MAGALLANES Y DE LA ANTÁRTICA CHILENA,121,MAGALLANES,12102,LAGUNA BLANCA,191,83,274,0,0,0,191,83,274,0,285,285,3.44127449,9341688956.39844,509762.68275626,3496.80249023,0.0783573
2,2,REGIÓN DE ANTOFAGASTA,22,EL LOA,2202,OLLAGÜE,207,114,321,0,0,0,207,114,321,0,439,439,2.63725027,3388897013.38281,308997.73044624,2920.85791016,0.10989922
3,12,REGIÓN DE MAGALLANES Y DE LA ANTÁRTICA CHILENA,123,TIERRA DEL FUEGO,12303,TIMAUKEL,343,62,405,0,0,0,343,62,405,0,214,214,20.83090317,32044560332.6758,2862313.3286004,11018.55761719,0.03675617
4,11,REGIÓN DE AYSÉN DEL GENERAL CARLOS IBÁÑEZ DEL CAMPO,113,CAPITÁN PRAT,11303,TORTEL,285,238,523,0,0,0,285,238,523,0,320,320,98.27734869,44929437798.3516,12963181.1576907,20106.42773438,0.02601158
5,12,REGIÓN DE MAGALLANES Y DE LA ANTÁRTICA CHILENA,121,MAGALLANES,12103,RÍO VERDE,522,95,617,0,0,0,522,95,617,0,231,231,47.99236353,25055775219.25,6348059.24102224,9158.57910156,0.06736853
6,11,REGIÓN DE AYSÉN DEL GENERAL CARLOS IBÁÑEZ DEL CAMPO,113,CAPITÁN PRAT,11302,O'HIGGINS,374,251,625,0,0,0,374,251,625,0,363,363,5.77980902,17619864341.7305,809630.5835543,7773.66015625,0.08039971
7,15,REGIÓN DE ARICA Y PARINACOTA,152,PARINACOTA,15202,GENERAL LAGOS,412,272,684,0,0,0,412,272,684,0,697,697,2.2648258,2504779645.1875,258714.90827663,2257.39990234,0.30300346
8,12,REGIÓN DE MAGALLANES Y DE LA ANTÁRTICA CHILENA,121,MAGALLANES,12104,SAN GREGORIO,619,180,799,0,0,0,619,180,799,0,372,372,7.26160767,17994593050.8672,952277.96410462,6742.06689453,0.11850965
9,11,REGIÓN DE AYSÉN DEL GENERAL CARLOS IBÁÑEZ DEL CAMPO,111,COYHAIQUE,11102,LAGO VERDE,494,358,852,0,0,0,494,358,852,0,606,606,6.07598579,10678330699.1328,779258.45184948,5437.75732422,0.15668224
10,5,REGIÓN DE VALPARAÍSO,51,VALPARAÍSO,5104,JUAN FERNÁNDEZ,499,427,926,0,0,0,499,427,926,0,445,445,1.17745916,150532370.107422,142974.46738618,103.99211884,8.90452099
11,12,REGIÓN DE MAGALLANES Y DE LA ANTÁRTICA CHILENA,123,TIERRA DEL FUEGO,12302,PRIMAVERA,930,228,1158,0,0,0,930,228,1158,0,472,472,5.52661471,11662605826.5039,729898.19751402,4284.45117188,0.27027965
12,12,REGIÓN DE MAGALLANES Y DE LA ANTÁRTICA CHILENA,124,ÚLTIMA ESPERANZA,12402,TORRES DEL PAINE,800,409,1209,0,0,0,800,409,1209,0,226,226,5.74225062,16607397275.6328,789209.52697061,6514.93408203,0.18557364
13,1,REGIÓN DE TARAPACÁ,14,TAMARUGAL,1402,CAMIÑA,657,593,1250,0,0,0,657,593,1250,0,1092,1092,2.11395854,2486391362.34473,242555.63865905,2199.68554688,0.56826305
14,15,REGIÓN DE ARICA Y PARINACOTA,151,ARICA,15102,CAMARONES,726,529,1255,0,0,0,726,529,1255,0,948,948,3.66140297,4424111594.96875,415486.32474352,3934.91918945,0.31893921
15,10,REGIÓN DE LOS LAGOS,104,PALENA,10404,PALENA,350,286,636,536,539,1075,886,825,1711,569,433,1002,3.85637432,5077216797.39453,499055.66478163,2653.61474609,0.64478087
16,1,REGIÓN DE TARAPACÁ,14,TAMARUGAL,1403,COLCHANE,995,733,1728,0,0,0,995,733,1728,0,2030,2030,3.0907749,4528236010.1084,353257.69822006,4007.41479492,0.43120068
17,11,REGIÓN DE AYSÉN DEL GENERAL CARLOS IBÁÑEZ DEL CAMPO,112,AYSÉN,11203,GUAITECAS,82,56,138,1084,621,1705,1166,677,1843,612,78,690,10.00449532,1211369795.89062,1279899.63876854,631.37579346,2.91902232
18,12,REGIÓN DE MAGALLANES Y DE LA ANTÁRTICA CHILENA,122,ANTÁRTICA CHILENA,12201,CABO DE HORNOS,153,36,189,1042,832,1874,1195,868,2063,665,97,762,152.49507201,47830572065.8594,20655966.6272957,15811.21679688,0.130477
19,10,REGIÓN DE LOS LAGOS,104,PALENA,10402,FUTALEUFÚ,427,338,765,948,910,1858,1375,1248,2623,926,507,1433,2.35468126,2325351602.76953,304755.90411787,1236.54821777,2.1212275
20,11,REGIÓN DE AYSÉN DEL GENERAL CARLOS IBÁÑEZ DEL CAMPO,114,GENERAL CARRERA,11402,RÍO IBÁÑEZ,1445,1221,2666,0,0,0,1445,1221,2666,0,1813,1813,4.79889045,12545169349.793,616637.39472256,6001.54296875,0.44421911
21,1,REGIÓN DE TARAPACÁ,14,TAMARUGAL,1404,HUARA,901,720,1621,600,509,1109,1501,1229,2730,543,2328,2871,6.20561639,11867326724.3828,708182.80278642,10471.19335938,0.26071528
22,15,REGIÓN DE ARICA Y PARINACOTA,152,PARINACOTA,15201,PUTRE,361,252,613,1693,459,2152,2054,711,2765,521,1396,1917,3.81494496,6578891020.75098,436546.35552011,5884.54101563,0.46987525
23,6,REGIÓN DEL LIBERTADOR GENERAL BERNARDO O'HIGGINS,62,CARDENAL CARO,6202,LA ESTRELLA,1023,885,1908,580,553,1133,1603,1438,3041,535,1358,1893,1.22460343,634667849.935547,149534.44900304,433.15686035,7.0205512
24,8,REGIÓN DEL BIOBÍO,83,BIOBÍO,8310,SAN ROSENDO,269,236,505,1392,1515,2907,1661,1751,3412,1130,370,1500,0.5724293,145618822.09375,70279.84112775,92.24089813,36.99010086
25,6,REGIÓN DEL LIBERTADOR GENERAL BERNARDO O'HIGGINS,63,COLCHAGUA,6309,PUMANQUE,1751,1670,3421,0,0,0,1751,1670,3421,0,1670,1670,1.06781414,652377725.335938,130162.84082577,441.33480835,7.75148439
26,11,REGIÓN DE AYSÉN DEL GENERAL CARLOS IBÁÑEZ DEL CAMPO,113,CAPITÁN PRAT,11301,COCHRANE,419,230,649,1483,1358,2841,1902,1588,3490,1310,461,1771,6.58084153,18804271745.3281,868268.34048886,8639.51464844,0.40395787
27,10,REGIÓN DE LOS LAGOS,102,CHILOÉ,10204,CURACO DE VÉLEZ,1345,1378,2723,508,598,1106,1853,1976,3829,478,1215,1693,0.52435699,145772615.296875,65125.89977973,79.28095245,48.29659653
28,10,REGIÓN DE LOS LAGOS,102,CHILOÉ,10206,PUQUELDÓN,1973,1948,3921,0,0,0,1973,1948,3921,0,1641,1641,0.76562278,177490748.601562,97718.6362126,95.89519501,40.88838959
29,8,REGIÓN DEL BIOBÍO,83,BIOBÍO,8308,QUILACO,1095,1023,2118,906,964,1870,2001,1987,3988,761,1175,1936,2.82440645,1812783548.35547,350061.02840289,1126.77636719,3.5393002
30,10,REGIÓN DE LOS LAGOS,101,LLANQUIHUE,10103,COCHAMÓ,2195,1828,4023,0,0,0,2195,1828,4023,0,2240,2240,6.16920587,7069885377.63281,785253.92779066,3931.64257813,1.02323651
31,8,REGIÓN DEL BIOBÍO,83,BIOBÍO,8302,ANTUCO,1022,974,1996,953,1124,2077,1975,2098,4073,861,1147,2008,3.18173412,3097610482.46875,390680.89040533,1958.6204834,2.07952476
32,7,REGIÓN DEL MAULE,71,TALCA,7104,EMPEDRADO,614,520,1134,1585,1423,3008,2199,1943,4142,1126,534,1660,1.42678512,860620384.958984,173674.04314651,568.3850708,7.28731298
33,4,REGIÓN DE COQUIMBO,41,ELQUI,4104,LA HIGUERA,1607,1341,2948,629,664,1293,2236,2005,4241,557,2103,2660,4.46886232,5499324394.84766,531925.62657039,4161.32666016,1.01914608
34,4,REGIÓN DE COQUIMBO,43,LIMARÍ,4305,RÍO HURTADO,2138,2140,4278,0,0,0,2138,2140,4278,0,2764,2764,3.04672419,2976173995.95508,362741.37966176,2204.08764648,1.94093919
35,16,REGIÓN DE ÑUBLE,163,PUNILLA,16304,SAN FABIÁN,1388,1226,2614,815,879,1694,2203,2105,4308,904,1402,2306,3.04754596,2396107112.30078,379516.70143676,1544.82373047,2.78866768
36,7,REGIÓN DEL MAULE,73,CURICÓ,7309,VICHUQUÉN,1618,1514,3132,599,591,1190,2217,2105,4322,564,2901,3465,1.15508888,671583317.619141,143627.63741022,451.92315674,9.56357288
37,4,REGIÓN DE COQUIMBO,41,ELQUI,4105,PAIGUANO,2240,2257,4497,0,0,0,2240,2257,4497,0,2373,2373,2.00692539,2035479422.70703,241573.3862586,1513.69140625,2.97088289
38,16,REGIÓN DE ÑUBLE,162,ITATA,16205,PORTEZUELO,1575,1483,3058,841,963,1804,2416,2446,4862,727,1343,2070,0.87034288,447824610.935547,107003.71959965,288.68746948,16.84174347
39,11,REGIÓN DE AYSÉN DEL GENERAL CARLOS IBÁÑEZ DEL CAMPO,114,GENERAL CARRERA,11401,CHILE CHICO,987,716,1703,1590,1572,3162,2577,2288,4865,1436,1166,2602,5.39540748,12245257155.7891,702151.10835228,5754.48876953,0.84542698
40,16,REGIÓN DE ÑUBLE,162,ITATA,16202,COBQUECURA,1889,1670,3559,636,817,1453,2525,2487,5012,817,2396,3213,1.58544863,886199713.902344,198607.14834251,576.3237915,8.69649982
41,10,REGIÓN DE LOS LAGOS,104,PALENA,10401,CHAITÉN,2149,1279,3428,867,776,1643,3016,2055,5071,740,1481,2221,10.79893982,15552755014.8125,1410514.57640113,8290.22363281,0.61168438
42,16,REGIÓN DE ÑUBLE,162,ITATA,16204,NINHUE,1869,1845,3714,698,801,1499,2567,2646,5213,615,1684,2299,1.19658409,622034044.863281,147825.29472154,402.87890625,12.93937206
43,3,REGIÓN DE ATACAMA,33,HUASCO,3302,ALTO DEL CARMEN,2925,2374,5299,0,0,0,2925,2374,5299,0,2927,2927,4.42942332,8078731142.50391,527155.30927864,6155.73876953,0.86082274
44,14,REGIÓN DE LOS RÍOS,141,VALDIVIA,14102,CORRAL,935,886,1821,1700,1781,3481,2635,2667,5302,1450,1124,2574,2.70129277,1228398138.13672,338809.17887666,720.00378418,7.36385012
45,10,REGIÓN DE LOS LAGOS,102,CHILOÉ,10207,QUEILÉN,1611,1451,3062,1162,1161,2323,2773,2612,5385,957,1493,2450,2.06502732,615108764,259289.5059057,330.23956299,16.30634308
46,16,REGIÓN DE ÑUBLE,162,ITATA,16207,TREGUACO,1867,1760,3627,836,938,1774,2703,2698,5401,736,1788,2524,1.201884,484071326.181641,147016.56514538,312.81195068,17.26596451
47,16,REGIÓN DE ÑUBLE,162,ITATA,16206,RÁNQUIL,2088,2080,4168,754,833,1587,2842,2913,5755,675,2151,2826,0.83418372,386357581.464844,101751.0297015,248.37078857,23.17100143
48,8,REGIÓN DEL BIOBÍO,83,BIOBÍO,8314,ALTO BIOBÍO,3036,2887,5923,0,0,0,3036,2887,5923,0,2137,2137,2.59122196,3414319254.75781,321774.09644697,2127.01147461,2.78465819
49,8,REGIÓN DEL BIOBÍO,82,ARAUCO,8204,CONTULMO,1568,1402,2970,1460,1601,3061,3028,3003,6031,1228,1466,2694,1.98677296,1033771357.64844,247329.51563742,639.83618164,9.42584991
50,9,REGIÓN DE LA ARAUCANÍA,91,CAUTÍN,9110,MELIPEUCO,1748,1583,3331,1343,1464,2807,3091,3047,6138,1113,1629,2742,1.7626746,1825384390.45703,220281.88012491,1108.51818848,5.5371213
51,6,REGIÓN DEL LIBERTADOR GENERAL BERNARDO O'HIGGINS,62,CARDENAL CARO,6206,PAREDONES,2301,2045,4346,919,923,1842,3220,2968,6188,828,3024,3852,1.3052208,850074173.457031,162088.60444504,574.07818604,10.77902031
52,6,REGIÓN DEL LIBERTADOR GENERAL BERNARDO O'HIGGINS,62,CARDENAL CARO,6203,LITUECHE,1562,1364,2926,1725,1643,3368,3287,3007,6294,1434,2051,3485,1.87532959,905889919.794922,226737.24452567,619.38336182,10.16172028
53,5,REGIÓN DE VALPARAÍSO,54,PETORCA,5403,PAPUDO,619,323,942,2722,2692,5414,3341,3015,6356,5393,430,5823,0.6840752,234596116.798828,82471.29200146,166.61825562,38.14708328
54,13,REGIÓN METROPOLITANA DE SANTIAGO,135,MELIPILLA,13502,ALHUÉ,1955,1705,3660,1561,1223,2784,3516,2928,6444,1100,1558,2658,1.53548277,1233230276.93164,184082.71209738,844.64398193,7.62924957
55,2,REGIÓN DE ANTOFAGASTA,23,TOCOPILLA,2302,MARÍA ELENA,1318,214,1532,2774,2151,4925,4092,2365,6457,1793,166,1959,5.47360045,14561258605.1855,637254.83344374,12431.78710938,0.51939434
56,11,REGIÓN DE AYSÉN DEL GENERAL CARLOS IBÁÑEZ DEL CAMPO,112,AYSÉN,11202,CISNES,1760,643,2403,2162,1952,4114,3922,2595,6517,1725,1215,2940,74.32063586,30225633304.9062,9570064.76876007,15408.5,0.42294839
57,6,REGIÓN DEL LIBERTADOR GENERAL BERNARDO O'HIGGINS,62,CARDENAL CARO,6205,NAVIDAD,3475,3166,6641,0,0,0,3475,3166,6641,0,5525,5525,0.93201475,435844577.072266,114251.98897166,298.90045166,22.21809959
58,7,REGIÓN DEL MAULE,73,CURICÓ,7303,LICANTÉN,899,789,1688,2454,2511,4965,3353,3300,6653,3184,775,3959,1.12652289,405683609.576172,138129.96115172,272.01712036,24.45802116
59,12,REGIÓN DE MAGALLANES Y DE LA ANTÁRTICA CHILENA,123,TIERRA DEL FUEGO,12301,PORVENIR,610,129,739,3383,2679,6062,3993,2808,6801,2440,747,3187,6.56143692,20462072272.6094,898301.32324965,7347.94824219,0.92556447
60,6,REGIÓN DEL LIBERTADOR GENERAL BERNARDO O'HIGGINS,63,COLCHAGUA,6304,LOLOL,2297,2085,4382,1174,1255,2429,3471,3340,6811,1014,1968,2982,1.40817665,886407475.414062,173083.86496171,597.06903076,11.40739155
61,9,REGIÓN DE LA ARAUCANÍA,91,CAUTÍN,9113,PERQUENCO,1689,1652,3341,1706,1858,3564,3395,3510,6905,1431,1446,2877,1.17636179,540513730.785156,143680.7710813,331.36169434,20.83825684
62,3,REGIÓN DE ATACAMA,33,HUASCO,3303,FREIRINA,1357,1095,2452,2200,2389,4589,3557,3484,7041,1758,1753,3511,4.11593934,4212751840.83398,490348.22580914,3223.52026367,2.18425798
63,14,REGIÓN DE LOS RÍOS,141,VALDIVIA,14105,MÁFIL,1492,1360,2852,2000,2243,4243,3492,3603,7095,1509,1203,2712,1.8726148,976636777.726562,232832.90861268,577.55908203,12.28445721
64,9,REGIÓN DE LA ARAUCANÍA,92,MALLECO,9206,LOS SAUCES,1505,1342,2847,2102,2316,4418,3607,3658,7265,1764,1287,3051,1.688564,1369293325.76953,207025.0636871,849.45715332,8.55252075
65,5,REGIÓN DE VALPARAÍSO,57,SAN FELIPE DE ACONCAGUA,5704,PANQUEHUE,1751,1716,3467,1926,1880,3806,3677,3596,7273,1315,1199,2514,0.56763906,171872797.371094,66678.99915255,121.08937836,60.06306839
66,6,REGIÓN DEL LIBERTADOR GENERAL BERNARDO O'HIGGINS,62,CARDENAL CARO,6204,MARCHIHUE,2094,1893,3987,1651,1670,3321,3745,3563,7308,1500,1919,3419,1.65396539,967222047.478516,202216.29486691,657.71221924,11.11124325
67,5,REGIÓN DE VALPARAÍSO,54,PETORCA,5405,ZAPALLAR,1240,1086,2326,2464,2549,5013,3704,3635,7339,5161,1800,6961,0.95784655,408040672.052734,115527.97714886,289.02383423,25.39236832
68,6,REGIÓN DEL LIBERTADOR GENERAL BERNARDO O'HIGGINS,61,CACHAPOAL,6103,COINCO,2024,1911,3935,1705,1719,3424,3729,3630,7359,1245,1563,2808,0.60801139,142817347.607422,72907.5176898,97.71389771,75.31170654
69,9,REGIÓN DE LA ARAUCANÍA,91,CAUTÍN,9104,CURARREHUE,2709,2504,5213,1112,1164,2276,3821,3668,7489,932,2349,3281,2.48636867,1948683222.03125,316553.80599215,1168.32177734,6.41004896
70,10,REGIÓN DE LOS LAGOS,103,OSORNO,10306,SAN JUAN DE LA COSTA,3399,2943,6342,612,558,1170,4011,3501,7512,1687,3627,5314,2.60686106,2630425915.47266,328155.2382106,1518.11816406,4.94823122
71,7,REGIÓN DEL MAULE,72,CAUQUENES,7203,PELLUHUE,1819,1671,3490,1946,2135,4081,3765,3806,7571,3501,2290,5791,1.29495048,564084594.837891,160176.48610796,369.66906738,20.48048019
72,9,REGIÓN DE LA ARAUCANÍA,92,MALLECO,9204,ERCILLA,2116,1977,4093,1701,1939,3640,3817,3916,7733,1448,1373,2821,1.74189719,805995433.855469,212005.20288951,498.68188477,15.50687981
73,5,REGIÓN DE VALPARAÍSO,52,ISLA DE PASCUA,5201,ISLA DE PASCUA,225,203,428,3594,3728,7322,3819,3931,7750,2835,301,3136,0.74682673,207903357.746094,87393.72096191,164.09561157,47.2285614
74,10,REGIÓN DE LOS LAGOS,102,CHILOÉ,10210,QUINCHAO,2485,2394,4879,1456,1753,3209,3941,4147,8088,1339,2227,3566,2.27815084,291215727.398438,290462.89890209,157.69084167,51.2902298
75,7,REGIÓN DEL MAULE,71,TALCA,7107,PENCAHUE,2548,2259,4807,1694,1744,3438,4242,4003,8245,1254,2301,3555,1.75960731,1438625970.35156,214402.30567624,956.38098145,8.6210413
76,10,REGIÓN DE LOS LAGOS,102,CHILOÉ,10209,QUEMCHI,3090,2750,5840,1218,1294,2512,4308,4044,8352,1126,2734,3860,3.63759537,802604000.988281,460274.69603099,440.70068359,18.95163918
77,7,REGIÓN DEL MAULE,71,TALCA,7106,PELARCO,2980,2855,5835,1251,1336,2587,4231,4191,8422,920,2362,3282,1.14414628,498573968.658203,137191.77152442,330.84240723,25.45622826
78,16,REGIÓN DE ÑUBLE,161,DIGUILLÍN,16105,PEMUCO,2194,2086,4280,2027,2141,4168,4221,4227,8448,1541,1889,3430,2.02686031,882226498.515625,242420.85666364,562.33685303,15.02302361
79,6,REGIÓN DEL LIBERTADOR GENERAL BERNARDO O'HIGGINS,63,COLCHAGUA,6308,PLACILLA,3234,3129,6363,1198,1177,2375,4432,4306,8738,844,2336,3180,0.55438262,213666461.505859,67740.83434965,144.26750183,60.56804276
80,7,REGIÓN DEL MAULE,72,CAUQUENES,7202,CHANCO,2596,2411,5007,1854,2067,3921,4450,4478,8928,1609,2095,3704,1.33527325,802100029.705078,165847.52493086,528.56341553,16.8910675
81,10,REGIÓN DE LOS LAGOS,104,PALENA,10403,HUALAIHUÉ,2876,2427,5303,1825,1816,3641,4701,4243,8944,1686,2753,4439,6.29963137,5268254767.21094,811101.65397602,2891.75219727,3.09293437
82,10,REGIÓN DE LOS LAGOS,103,OSORNO,10302,PUERTO OCTAY,3680,3266,6946,1041,1012,2053,4721,4278,8999,758,3341,4099,3.03996818,3145091512.62109,370381.02266186,1793.4498291,5.01770401
83,4,REGIÓN DE COQUIMBO,42,CHOAPA,4202,CANELA,3680,3453,7133,952,1008,1960,4632,4461,9093,1009,4269,5278,2.93368022,3023150715.03125,354071.93793061,2196.67211914,4.13944387
84,7,REGIÓN DEL MAULE,71,TALCA,7110,SAN RAFAEL,2166,2057,4223,2403,2565,4968,4569,4622,9191,1782,1811,3593,0.96793795,395618296.789062,117189.34897537,262.28567505,35.0419426
85,1,REGIÓN DE TARAPACÁ,14,TAMARUGAL,1405,PICA,4626,758,5384,1924,1988,3912,6550,2746,9296,2067,659,2726,5.99204294,10298034749.5605,691138.31807882,8983.28222656,1.03481102
86,7,REGIÓN DEL MAULE,71,TALCA,7103,CUREPTO,3212,2847,6059,1640,1749,3389,4852,4596,9448,1484,3072,4556,1.8814499,1600601692.93945,232997.13530232,1068.86877441,8.83925152
87,9,REGIÓN DE LA ARAUCANÍA,92,MALLECO,9207,LUMACO,2941,2574,5515,1986,2047,4033,4927,4621,9548,1687,2167,3854,2.27190369,1801725345.94141,283707.93277977,1108.1907959,8.61584473
88,8,REGIÓN DEL BIOBÍO,83,BIOBÍO,8309,QUILLECO,2012,1989,4001,2708,2878,5586,4720,4867,9587,2094,1786,3880,2.44868272,1783508480.09766,297620.75463145,1123.51306152,8.53305626
89,7,REGIÓN DEL MAULE,73,CURICÓ,7302,HUALAÑÉ,2016,1898,3914,2867,2876,5743,4883,4774,9657,2426,1903,4329,1.75596022,942370842.394531,214202.16295154,631.98950195,15.28031731
90,9,REGIÓN DE LA ARAUCANÍA,91,CAUTÍN,9118,TOLTÉN,3013,2841,5854,1870,1998,3868,4883,4839,9722,1608,2545,4153,1.58462536,1418067445.0625,200683.68215313,850.00604248,11.4375658
91,13,REGIÓN METROPOLITANA DE SANTIAGO,135,MELIPILLA,13505,SAN PEDRO,5132,4594,9726,0,0,0,5132,4594,9726,0,4187,4187,1.59626707,1145957342.25781,193496.78662914,787.97216797,12.3430748
92,8,REGIÓN DEL BIOBÍO,83,BIOBÍO,8307,NEGRETE,1874,1808,3682,2939,3116,6055,4813,4924,9737,2105,1416,3521,0.76287428,247799050.296875,95503.46631143,155.36087036,62.67343903
93,5,REGIÓN DE VALPARAÍSO,54,PETORCA,5404,PETORCA,2865,2858,5723,2024,2079,4103,4889,4937,9826,1809,2637,4446,2.15865551,2123642732.90039,256687.21667078,1516.52062988,6.47930479
94,14,REGIÓN DE LOS RÍOS,142,RANCO,14203,LAGO RANCO,3945,3682,7627,1100,1169,2269,5045,4851,9896,1215,4130,5345,2.98045251,3007888220.51953,367260.20828121,1744.984375,5.67111063
95,10,REGIÓN DE LOS LAGOS,103,OSORNO,10307,SAN PABLO,2803,2618,5421,2175,2434,4609,4978,5052,10030,1702,2533,4235,1.87396457,1084334328.88672,232810.12649138,627.51879883,15.9835844
96,3,REGIÓN DE ATACAMA,33,HUASCO,3304,HUASCO,730,517,1247,4513,4389,8902,5243,4906,10149,3766,2460,6226,3.0091287,2071849105.79688,358767.28146812,1601.7064209,6.33636713
97,2,REGIÓN DE ANTOFAGASTA,21,ANTOFAGASTA,2103,SIERRA GORDA,8662,1524,10186,0,0,0,8662,1524,10186,0,570,570,5.03929029,15344048414.2598,583905.19517056,12880.41503906,0.79081303
98,5,REGIÓN DE VALPARAÍSO,53,LOS ANDES,5303,RINCONADA,1108,1034,2142,4026,4039,8065,5134,5073,10207,2802,832,3634,0.56231082,175026759.419922,69098.92581498,123.07289886,82.93458557
99,9,REGIÓN DE LA ARAUCANÍA,92,MALLECO,9209,RENAICO,1012,886,1898,3945,4407,8352,4957,5293,10250,3215,713,3928,1.13419687,424376411.980469,142091.25409263,265.12167358,38.66149139
100,9,REGIÓN DE LA ARAUCANÍA,92,MALLECO,9205,LONQUIMAY,3370,3094,6464,1976,1811,3787,5346,4905,10251,1581,3209,4790,3.58888008,6426573129.50391,449277.21839008,3936.6862793,2.60396671
101,8,REGIÓN DEL BIOBÍO,82,ARAUCO,8207,TIRÚA,3378,3301,6679,1817,1921,3738,5195,5222,10417,1609,2443,4052,1.60945601,1019758788.5625,205804.16508782,626.70831299,16.62176895
102,7,REGIÓN DEL MAULE,73,CURICÓ,7305,RAUCO,2552,2401,4953,2686,2845,5531,5238,5246,10484,2027,2131,4158,1.35574782,460962580.951172,162931.80425752,309.25665283,33.90064621
103,8,REGIÓN DEL BIOBÍO,81,CONCEPCIÓN,8104,FLORIDA,3203,2861,6064,2183,2377,4560,5386,5238,10624,1756,3416,5172,1.42033941,946532324,175992.44927675,605.49334717,17.54602242
104,16,REGIÓN DE ÑUBLE,161,DIGUILLÍN,16106,PINTO,2738,2631,5369,2598,2860,5458,5336,5491,10827,2532,2897,5429,2.66765788,1729502955.96875,323736.15383346,1105.20800781,9.79634571
105,5,REGIÓN DE VALPARAÍSO,56,SAN ANTONIO,5606,SANTO DOMINGO,2471,2213,4684,2957,3259,6216,5428,5472,10900,4385,3443,7828,1.17551669,771919876.835938,145674.80317499,531.67382813,20.50129128
106,4,REGIÓN DE COQUIMBO,43,LIMARÍ,4304,PUNITAQUI,2666,2442,5108,2786,3062,5848,5452,5504,10956,2429,2383,4812,2.23834895,1489514351.7207,268506.20004538,1092.75195313,10.02606297
107,2,REGIÓN DE ANTOFAGASTA,22,EL LOA,2203,SAN PEDRO DE ATACAMA,3443,2029,5472,2718,2806,5524,6161,4835,10996,1979,2165,4144,6.75111239,28098847866.6289,785747.28021299,23539.08203125,0.46713802
108,6,REGIÓN DEL LIBERTADOR GENERAL BERNARDO O'HIGGINS,63,COLCHAGUA,6307,PERALILLO,2254,2116,4370,3284,3353,6637,5538,5469,11007,2604,1886,4490,0.95749061,416263186.109375,116181.22630673,282.36148071,38.98194504
109,4,REGIÓN DE COQUIMBO,41,ELQUI,4103,ANDACOLLO,543,493,1036,4976,5032,10008,5519,5525,11044,3807,699,4506,1.25506824,692011215.634766,150059.63704384,514.80078125,21.45295906
110,16,REGIÓN DE ÑUBLE,163,PUNILLA,16303,ÑIQUÉN,5098,4901,9999,518,635,1153,5616,5536,11152,523,4319,4842,1.57609703,761201673.501953,192477.49782682,494.012146,22.57434464
111,16,REGIÓN DE ÑUBLE,162,ITATA,16201,QUIRIHUE,1159,962,2121,4520,4953,9473,5679,5915,11594,4101,1147,5248,1.78313386,899020977.78125,219747.25148824,584.00952148,19.85241699
112,16,REGIÓN DE ÑUBLE,163,PUNILLA,16305,SAN NICOLÁS,3434,3282,6716,2362,2525,4887,5796,5807,11603,1784,2943,4727,1.33670261,878015120.207031,162472.1175069,567.07128906,20.46127319
113,9,REGIÓN DE LA ARAUCANÍA,91,CAUTÍN,9121,CHOLCHOL,3758,3497,7255,2015,2341,4356,5773,5838,11611,1431,2782,4213,1.19777695,703896181.039062,150665.36286919,429.54290771,27.03105927
114,10,REGIÓN DE LOS LAGOS,103,OSORNO,10304,PUYEHUE,3560,3109,6669,2398,2600,4998,5958,5709,11667,1833,3078,4911,3.37192808,2861396384.05859,410786.57367648,1642.23828125,7.10432863
115,9,REGIÓN DE LA ARAUCANÍA,92,MALLECO,9208,PURÉN,2163,2083,4246,3514,4019,7533,5677,6102,11779,3110,1699,4809,1.37257326,748162078.949219,170366.3534062,463.55065918,25.41038322
116,9,REGIÓN DE LA ARAUCANÍA,91,CAUTÍN,9106,GALVARINO,4076,3771,7847,1956,2193,4149,6032,5964,11996,1475,2800,4275,1.42140612,928215155.992188,176700.61331093,568.44287109,21.10326576
117,16,REGIÓN DE ÑUBLE,161,DIGUILLÍN,16104,EL CARMEN,3707,3476,7183,2260,2601,4861,5967,6077,12044,1891,3022,4913,1.5897586,1044451751.01172,189569.12900046,667.01165771,18.05665588
118,3,REGIÓN DE ATACAMA,32,CHAÑARAL,3201,CHAÑARAL,624,512,1136,5646,5437,11083,6270,5949,12219,4252,1901,6153,4.27586012,7222324856.48047,501721.07810917,5771.23681641,2.11722374
119,10,REGIÓN DE LOS LAGOS,101,LLANQUIHUE,10104,FRESIA,2629,2301,4930,3552,3779,7331,6181,6080,12261,2795,2467,5262,2.6233875,2250857746.84766,330414.20052304,1274.17456055,9.62270069
120,9,REGIÓN DE LA ARAUCANÍA,91,CAUTÍN,9116,SAAVEDRA,4879,4842,9721,1250,1479,2729,6129,6321,12450,1241,4445,5686,1.17101326,643819229.332031,149771.67647843,389.95123291,31.92707062
121,6,REGIÓN DEL LIBERTADOR GENERAL BERNARDO O'HIGGINS,63,COLCHAGUA,6306,PALMILLA,4631,4387,9018,1700,1764,3464,6331,6151,12482,1232,3321,4553,0.85357714,347149636.560547,102886.83094762,235.22695923,53.06364441
122,6,REGIÓN DEL LIBERTADOR GENERAL BERNARDO O'HIGGINS,61,CACHAPOAL,6102,CODEGUA,3056,2913,5969,3454,3565,7019,6510,6478,12988,2364,2038,4402,1.25418491,417146783.4375,150733.99514545,285.4581604,45.49879074
123,6,REGIÓN DEL LIBERTADOR GENERAL BERNARDO O'HIGGINS,61,CACHAPOAL,6114,QUINTA DE TILCOCO,2944,2780,5724,3575,3703,7278,6519,6483,13002,2603,2137,4740,0.44663831,127652869.244141,53803.51737456,86.75296021,149.87385559
124,5,REGIÓN DE VALPARAÍSO,56,SAN ANTONIO,5605,EL TABO,354,317,671,6328,6287,12615,6682,6604,13286,19536,1060,20596,0.59893512,142687727.025391,72091.65565346,98.97386932,134.23744202
125,2,REGIÓN DE ANTOFAGASTA,21,ANTOFAGASTA,2104,TALTAL,1780,414,2194,5701,5422,11123,7481,5836,13317,3905,688,4593,7.39619564,25089241898.0098,859635.69202272,20403.0625,0.65269613
126,4,REGIÓN DE COQUIMBO,43,LIMARÍ,4302,COMBARBALÁ,3801,3523,7324,2855,3143,5998,6656,6666,13322,2655,4344,6999,2.73064886,3144702788.44922,328965.48389799,2296.44140625,5.80114937
127,6,REGIÓN DEL LIBERTADOR GENERAL BERNARDO O'HIGGINS,61,CACHAPOAL,6109,MALLOA,4044,3905,7949,2775,2683,5458,6819,6588,13407,1863,3160,5023,1.08630512,324704461.076172,131887.38568394,220.20779419,60.88340378
128,2,REGIÓN DE ANTOFAGASTA,21,ANTOFAGASTA,2102,MEJILLONES,331,182,513,7704,5250,12954,8035,5432,13467,3640,576,4216,3.28663848,4230302435.14844,383072.07623599,3568.84399414,3.77349067
129,13,REGIÓN METROPOLITANA DE SANTIAGO,135,MELIPILLA,13504,MARÍA PINTO,3520,3403,6923,3310,3357,6667,6830,6760,13590,2261,2591,4852,1.07762756,568714163.833984,129127.98716858,394.59832764,34.44008255
130,6,REGIÓN DEL LIBERTADOR GENERAL BERNARDO O'HIGGINS,61,CACHAPOAL,6111,OLIVAR,2186,2134,4320,4636,4652,9288,6822,6786,13608,3189,1447,4636,0.3978629,69414146.4375,46209.05362385,47.31000137,287.63476563
131,8,REGIÓN DEL BIOBÍO,81,CONCEPCIÓN,8109,SANTA JUANA,2229,1926,4155,4522,5072,9594,6751,6998,13749,3589,2630,6219,1.70155474,1233219765.20703,212005.22980411,779.23498535,17.64422798
132,10,REGIÓN DE LOS LAGOS,102,CHILOÉ,10205,DALCAHUE,3382,3180,6562,3531,3669,7200,6913,6849,13762,2670,2989,5659,2.89389999,2250612476.64844,362976.1077405,1228.88867188,11.19873619
133,8,REGIÓN DEL BIOBÍO,83,BIOBÍO,8311,SANTA BÁRBARA,2996,2791,5787,3703,4283,7986,6699,7074,13773,2957,2490,5447,2.35264306,1996068533.97656,285755.85434738,1251.72814941,11.00318813
134,5,REGIÓN DE VALPARAÍSO,56,SAN ANTONIO,5602,ALGARROBO,1473,1445,2918,5261,5638,10899,6734,7083,13817,16912,3044,19956,0.71377974,252180955.826172,87074.78997359,175.50592041,78.7266922
135,7,REGIÓN DEL MAULE,71,TALCA,7108,RÍO CLARO,5073,4420,9493,2173,2240,4413,7246,6660,13906,1594,3912,5506,1.43664278,650377519.089844,175015.90445197,433.72781372,32.06158447
136,3,REGIÓN DE ATACAMA,32,CHAÑARAL,3202,DIEGO DE ALMAGRO,389,281,670,7097,6158,13255,7486,6439,13925,6216,698,6914,7.97840707,23699974503.5625,938016.51704072,18977.484375,0.73376429
137,5,REGIÓN DE VALPARAÍSO,57,SAN FELIPE DE ACONCAGUA,5702,CATEMU,3141,3044,6185,3841,3972,7813,6982,7016,13998,2657,2514,5171,0.91792233,511378437.160156,111602.03271972,361.23233032,38.75068283
138,3,REGIÓN DE ATACAMA,31,COPIAPÓ,3103,TIERRA AMARILLA,2720,1364,4084,5076,4859,9935,7796,6223,14019,3256,1489,4745,6.29868374,14462008002.1602,749082.45407834,11251.10253906,1.24601126
139,10,REGIÓN DE LOS LAGOS,103,OSORNO,10305,RÍO NEGRO,3735,3366,7101,3316,3668,6984,7051,7034,14085,2638,3032,5670,3.09938932,2212325419.60938,385872.46053315,1267.15075684,11.11548901
140,8,REGIÓN DEL BIOBÍO,83,BIOBÍO,8312,TUCAPEL,1166,1081,2247,5710,6177,11887,6876,7258,14134,5211,1299,6510,1.72489992,1438157194.80859,210256.56070812,911.22955322,15.51091003
141,10,REGIÓN DE LOS LAGOS,101,LLANQUIHUE,10108,MAULLÍN,3985,3605,7590,3246,3380,6626,7231,6985,14216,2741,3889,6630,3.3242913,1446410127.25391,417772.74605666,806.4833374,17.62714767
142,6,REGIÓN DEL LIBERTADOR GENERAL BERNARDO O'HIGGINS,61,CACHAPOAL,6112,PEUMO,1227,1086,2313,6010,5990,12000,7237,7076,14313,4102,829,4931,0.59050006,227862745.185547,72526.44194735,155.18952942,92.22916412
143,9,REGIÓN DE LA ARAUCANÍA,91,CAUTÍN,9107,GORBEA,2187,2067,4254,4758,5402,10160,6945,7469,14414,4013,2106,6119,1.7153042,1149790467.35938,210702.8182591,690.68371582,20.86917496
144,14,REGIÓN DE LOS RÍOS,142,RANCO,14202,FUTRONO,3323,3159,6482,3929,4254,8183,7252,7413,14665,3269,3231,6500,3.27336266,3602720947.65234,403272.09962758,2105.75390625,6.964252
145,5,REGIÓN DE VALPARAÍSO,53,LOS ANDES,5302,CALLE LARGA,2132,2009,4141,5196,5495,10691,7328,7504,14832,3925,1563,5488,0.97747703,458933999.835938,119394.59620221,322.09448242,46.04860306
146,10,REGIÓN DE LOS LAGOS,102,CHILOÉ,10203,CHONCHI,4618,4526,9144,2827,2887,5714,7445,7413,14858,2161,4545,6706,2.38690344,2528748510.00781,303343.51958342,1365.17370605,10.88359737
147,6,REGIÓN DEL LIBERTADOR GENERAL BERNARDO O'HIGGINS,63,COLCHAGUA,6302,CHÉPICA,3325,3066,6391,4252,4394,8646,7577,7460,15037,3258,2482,5740,1.46535509,710036666.640625,177737.64624301,477.99606323,31.45841789
148,9,REGIÓN DE LA ARAUCANÍA,91,CAUTÍN,9117,TEODORO SCHMIDT,4951,4691,9642,2575,2828,5403,7526,7519,15045,2245,4197,6442,1.65517472,1083850951.97266,210875.55945629,653.54962158,23.02043915
149,7,REGIÓN DEL MAULE,73,CURICÓ,7306,ROMERAL,4474,4184,8658,3150,3379,6529,7624,7563,15187,2234,3475,5709,2.59842176,2399735651.3125,313962.22186011,1603.04650879,9.47383595
150,5,REGIÓN DE VALPARAÍSO,57,SAN FELIPE DE ACONCAGUA,5706,SANTA MARÍA,2819,2634,5453,4767,5021,9788,7586,7655,15241,3480,2107,5587,0.73653544,234560072.449219,90401.83518162,165.71981812,91.96848297
151,1,REGIÓN DE TARAPACÁ,14,TAMARUGAL,1401,POZO ALMONTE,3648,1968,5616,5339,4756,10095,8987,6724,15711,3367,5559,8926,6.68733125,15843650927.749,770446.29413089,13769.12109375,1.14103138
152,5,REGIÓN DE VALPARAÍSO,56,SAN ANTONIO,5604,EL QUISCO,569,519,1088,7257,7610,14867,7826,8129,15955,17328,984,18312,0.4164069,72809579.984375,50235.97474807,50.65378571,314.98138428
153,16,REGIÓN DE ÑUBLE,162,ITATA,16203,COELEMU,2377,2183,4560,5496,5939,11435,7873,8122,15995,3976,2164,6140,1.00808733,532782358.613281,123516.38900438,343.61364746,46.54937363
154,16,REGIÓN DE ÑUBLE,161,DIGUILLÍN,16108,SAN IGNACIO,4681,4596,9277,3201,3601,6802,7882,8197,16079,2673,3978,6651,1.25917756,565992102.050781,151410.9851282,362.28158569,44.38260651
155,7,REGIÓN DEL MAULE,74,LINARES,7407,VILLA ALEGRE,3324,3221,6545,4556,5120,9676,7880,8341,16221,4064,2769,6833,0.72300499,288426096.802734,88351.79801839,189.88801575,85.42402649
156,6,REGIÓN DEL LIBERTADOR GENERAL BERNARDO O'HIGGINS,62,CARDENAL CARO,6201,PICHILEMU,1883,1608,3491,6406,6497,12903,8289,8105,16394,9303,2753,12056,1.77207621,1052382635.75586,218509.91806225,715.66607666,22.90733147
157,14,REGIÓN DE LOS RÍOS,141,VALDIVIA,14103,LANCO,2603,2542,5145,5621,5986,11607,8224,8528,16752,4331,2119,6450,1.58492801,894625572.679688,194794.15617683,531.89306641,31.49505043
158,5,REGIÓN DE VALPARAÍSO,57,SAN FELIPE DE ACONCAGUA,5705,PUTAENDO,5074,4946,10020,3284,3450,6734,8358,8396,16754,2464,3873,6337,2.20276594,2045289013.10156,265557.47992845,1450.3269043,11.55187798
159,10,REGIÓN DE LOS LAGOS,101,LLANQUIHUE,10106,LOS MUERMOS,4841,4121,8962,3840,4266,8106,8681,8387,17068,3028,4236,7264,2.57277436,2172787106.16797,325806.05021558,1220.96984863,13.97905159
160,9,REGIÓN DE LA ARAUCANÍA,92,MALLECO,9203,CURACAUTÍN,2427,2148,4575,5949,6889,12838,8376,9037,17413,5463,2719,8182,2.17792784,2706477491.28906,269373.61462357,1659.99572754,10.48978615
161,16,REGIÓN DE ÑUBLE,161,DIGUILLÍN,16107,QUILLÓN,3663,3399,7062,5001,5422,10423,8664,8821,17485,5483,5256,10739,1.28847876,635126893.21875,158991.55843811,406.53512573,43.00981522
162,5,REGIÓN DE VALPARAÍSO,58,MARGA MARGA,5803,OLMUÉ,2663,2576,5239,5934,6343,12277,8597,8919,17516,5859,3231,9090,0.69297006,329842005.251953,83271.92922823,231.24816895,75.74546051
163,9,REGIÓN DE LA ARAUCANÍA,91,CAUTÍN,9103,CUNCO,4547,4132,8679,4218,4629,8847,8765,8761,17526,3460,4576,8036,2.88726065,3131477594.99609,355657.69978895,1891.43859863,9.26596355
164,10,REGIÓN DE LOS LAGOS,101,LLANQUIHUE,10107,LLANQUIHUE,1726,1643,3369,6901,7321,14222,8627,8964,17591,4726,1409,6135,1.31540819,766379273.523438,162528.48580798,433.0869751,40.6177063
165,3,REGIÓN DE ATACAMA,31,COPIAPÓ,3102,CALDERA,1100,787,1887,7994,7781,15775,9094,8568,17662,7341,8310,15651,4.68012017,4667094790.28711,555113.07080542,3680.55249023,4.7987361
166,16,REGIÓN DE ÑUBLE,161,DIGUILLÍN,16109,YUNGAY,2432,2052,4484,6532,6771,13303,8964,8823,17787,5661,2623,8284,2.09988255,1297010794.69922,253489.3135362,824.80090332,21.56520462
167,6,REGIÓN DEL LIBERTADOR GENERAL BERNARDO O'HIGGINS,63,COLCHAGUA,6305,NANCAGUA,3305,3188,6493,5525,5815,11340,8830,9003,17833,4082,2464,6546,0.74330447,224367071.761719,90301.8199746,151.56584167,117.65843201
168,5,REGIÓN DE VALPARAÍSO,55,QUILLOTA,5503,HIJUELAS,3237,3016,6253,5800,5935,11735,9037,8951,17988,4028,2568,6596,0.87786972,382230816.396484,107612.96153045,268.95727539,66.88051605
169,7,REGIÓN DEL MAULE,74,LINARES,7408,YERBAS BUENAS,6087,5807,11894,3038,3149,6187,9125,8956,18081,2297,4516,6813,0.86076067,394528556.037109,105830.96328675,259.60522461,69.64805603
170,13,REGIÓN METROPOLITANA DE SANTIAGO,132,CORDILLERA,13203,SAN JOSÉ DE MAIPO,4233,2748,6981,5628,5580,11208,9861,8328,18189,4033,2893,6926,4.67419652,7222227505.11133,576352.56053006,4982.68408203,3.65044212
171,10,REGIÓN DE LOS LAGOS,101,LLANQUIHUE,10105,FRUTILLAR,2825,2651,5476,6268,6684,12952,9093,9335,18428,5259,2650,7909,1.66896962,1459163294.81641,205352.90238139,828.11767578,22.25287628
172,7,REGIÓN DEL MAULE,73,CURICÓ,7307,SAGRADA FAMILIA,5433,5225,10658,3951,3935,7886,9384,9160,18544,2904,3938,6842,1.31864687,820070280.650391,159034.50107895,547.92944336,33.8437767
173,5,REGIÓN DE VALPARAÍSO,51,VALPARAÍSO,5105,PUCHUNCAVÍ,1397,1290,2687,7961,7898,15859,9358,9188,18546,15531,1920,17451,1.02356086,425977614.912109,123980.40592527,300.57559204,61.70161438
174,9,REGIÓN DE LA ARAUCANÍA,92,MALLECO,9210,TRAIGUÉN,2400,2093,4493,6619,7731,14350,9019,9824,18843,5646,1610,7256,1.91455826,1457396873.75781,239201.1725268,897.68652344,20.99062347
175,5,REGIÓN DE VALPARAÍSO,53,LOS ANDES,5304,SAN ESTEBAN,3847,3636,7483,5456,5916,11372,9303,9552,18855,4051,3272,7323,1.81414075,1946417524.82617,220295.87779961,1374.35717773,13.71914101
176,13,REGIÓN METROPOLITANA DE SANTIAGO,133,CHACABUCO,13303,TILTIL,3499,2743,6242,6548,6522,13070,10047,9265,19312,4341,2593,6934,1.31310158,934028891.802734,159192.4370023,654.22753906,29.51878166
177,5,REGIÓN DE VALPARAÍSO,54,PETORCA,5402,CABILDO,3693,3522,7215,5774,6399,12173,9467,9921,19388,4311,2753,7064,2.50247246,2049622739.3457,298882.7572104,1456.17114258,13.3143692
178,6,REGIÓN DEL LIBERTADOR GENERAL BERNARDO O'HIGGINS,61,CACHAPOAL,6104,COLTAUCO,4299,4087,8386,5507,5704,11211,9806,9791,19597,4074,3493,7567,0.8689456,326618189.224609,106546.998858,222.50146484,88.07582092
179,14,REGIÓN DE LOS RÍOS,141,VALDIVIA,14104,LOS LAGOS,5043,4793,9836,4714,5084,9798,9757,9877,19634,3501,4412,7913,3.22616668,3042373338.72656,401592.24593002,1790.02990723,10.96853161
180,6,REGIÓN DEL LIBERTADOR GENERAL BERNARDO O'HIGGINS,61,CACHAPOAL,6113,PICHIDEGUA,5343,5068,10411,4737,4566,9303,10080,9634,19714,3331,3956,7287,1.00765033,468907659.304688,123228.4479636,318.85824585,61.82685089
181,7,REGIÓN DEL MAULE,74,LINARES,7405,RETIRO,6625,6286,12911,3429,3634,7063,10054,9920,19974,2819,5441,8260,1.96444004,1262941186.14258,242686.42293987,825.61547852,24.19285965
182,14,REGIÓN DE LOS RÍOS,141,VALDIVIA,14107,PAILLACO,3950,3786,7736,6117,6335,12452,10067,10121,20188,4440,3186,7626,2.10695119,1541039596.98438,261851.03788765,901.45721436,22.39484978
183,10,REGIÓN DE LOS LAGOS,103,OSORNO,10303,PURRANQUE,3138,2828,5966,6838,7565,14403,9976,10393,20369,5128,2745,7873,3.49868096,2544969192.34375,436778.63561563,1450.35681152,14.04413128
184,7,REGIÓN DEL MAULE,74,LINARES,7402,COLBÚN,5949,5764,11713,4256,4796,9052,10205,10560,20765,3721,5300,9021,4.3111858,4488931910.95898,528791.85566753,2926.17333984,7.09629869
185,6,REGIÓN DEL LIBERTADOR GENERAL BERNARDO O'HIGGINS,61,CACHAPOAL,6105,DOÑIHUE,2324,2139,4463,8070,8354,16424,10394,10493,20887,5934,1804,7738,0.43939277,117361953.537109,52774.79572405,80.1426239,260.62286377
186,8,REGIÓN DEL BIOBÍO,82,ARAUCO,8206,LOS ÁLAMOS,1157,1152,2309,9046,9680,18726,10203,10832,21035,6814,907,7721,1.88322865,961624770.773438,235085.58934844,601.34741211,34.97977829
187,8,REGIÓN DEL BIOBÍO,83,BIOBÍO,8313,YUMBEL,4372,4115,8487,6093,6618,12711,10465,10733,21198,4902,5346,10248,1.75594919,1146883277.67969,215543.06557226,728.60876465,29.09380341
188,14,REGIÓN DE LOS RÍOS,141,VALDIVIA,14106,MARIQUINA,5826,5493,11319,4781,5178,9959,10607,10671,21278,3438,4979,8417,3.7534259,2180760009.82812,470782.7280589,1296.24841309,16.41506386
189,4,REGIÓN DE COQUIMBO,42,CHOAPA,4203,LOS VILOS,2354,1934,4288,8707,8387,17094,11061,10321,21382,10561,2727,13288,2.82222668,2590511814.29688,339525.33769024,1858.90454102,11.50247383
190,12,REGIÓN DE MAGALLANES Y DE LA ANTÁRTICA CHILENA,124,ÚLTIMA ESPERANZA,12401,NATALES,1477,820,2297,9515,9665,19180,10992,10485,21477,8045,1324,9369,377.55322975,121366355537.969,50997972.1934879,48695.296875,0.44104874
191,16,REGIÓN DE ÑUBLE,161,DIGUILLÍN,16102,BULNES,4039,3963,8002,6343,7148,13491,10382,11111,21493,5110,3641,8751,1.11973236,666358727.246094,138020.68585971,426.73883057,50.36570358
192,5,REGIÓN DE VALPARAÍSO,55,QUILLOTA,5504,LA CRUZ,1330,1316,2646,9326,10126,19452,10656,11442,22098,7084,980,8064,0.48128852,111108703.595703,57173.09386686,78.13705444,282.8107605
193,5,REGIÓN DE VALPARAÍSO,55,QUILLOTA,5506,NOGALES,1737,1604,3341,9062,9717,18779,10799,11321,22120,6317,1373,7690,1.02301213,573579477.873047,122642.42424053,405.20376587,54.58982086
194,8,REGIÓN DEL BIOBÍO,83,BIOBÍO,8304,LAJA,3099,3068,6167,7645,8577,16222,10744,11645,22389,6013,2734,8747,0.79868488,543470069.441406,97419.42519922,343.54266357,65.17094421
195,5,REGIÓN DE VALPARAÍSO,56,SAN ANTONIO,5603,CARTAGENA,993,899,1892,10272,10574,20846,11265,11473,22738,14954,824,15778,0.91420596,352543421.880859,109229.13175232,244.55841064,92.97574615
196,9,REGIÓN DE LA ARAUCANÍA,91,CAUTÍN,9109,LONCOCHE,3634,3386,7020,7868,8724,16592,11502,12110,23612,6621,3448,10069,2.30173052,1628795363.76562,282667.96870945,972.51611328,24.27928925
197,11,REGIÓN DE AYSÉN DEL GENERAL CARLOS IBÁÑEZ DEL CAMPO,112,AYSÉN,11201,AYSÉN,2442,1209,3651,10277,10031,20308,12719,11240,23959,7913,1704,9617,101.34557765,61944075457.8711,13196260.0896124,29906.06835938,0.80114174
198,8,REGIÓN DEL BIOBÍO,81,CONCEPCIÓN,8105,HUALQUI,1813,1631,3444,10030,10859,20889,11843,12490,24333,7011,2020,9031,1.34874603,839128259.890625,168142.43528504,533.9006958,45.5758934
199,9,REGIÓN DE LA ARAUCANÍA,91,CAUTÍN,9102,CARAHUE,5910,5370,11280,6292,6961,13253,12202,12331,24533,4952,4646,9598,2.81056317,2189737575.09766,358130.18183684,1334.7734375,18.37989807
200,9,REGIÓN DE LA ARAUCANÍA,92,MALLECO,9202,COLLIPULLI,3314,2945,6259,8750,9589,18339,12064,12534,24598,6752,2589,9341,2.77187613,2109220835.67969,338567.1244635,1307.90270996,18.80720901
201,9,REGIÓN DE LA ARAUCANÍA,91,CAUTÍN,9105,FREIRE,8615,8105,16720,3798,4088,7886,12413,12193,24606,2706,6587,9293,2.00590173,1449369645.89453,248960.52337434,875.38824463,28.10867119
202,5,REGIÓN DE VALPARAÍSO,57,SAN FELIPE DE ACONCAGUA,5703,LLAILLAY,3447,3189,6636,8769,9203,17972,12216,12392,24608,6375,2552,8927,0.97022475,496434423.960938,116252.44636753,349.10681152,70.48845673
203,6,REGIÓN DEL LIBERTADOR GENERAL BERNARDO O'HIGGINS,61,CACHAPOAL,6107,LAS CABRAS,7896,7166,15062,4760,4818,9578,12656,11984,24640,3597,8297,11894,1.53599593,1098777079.33594,186833.92800423,750.50964355,32.83102417
204,9,REGIÓN DE LA ARAUCANÍA,91,CAUTÍN,9114,PITRUFQUÉN,4282,4024,8306,7783,8748,16531,12065,12772,24837,6169,3999,10168,2.15361043,959745386.261719,263912.63726542,577.35046387,43.01893234
205,2,REGIÓN DE ANTOFAGASTA,23,TOCOPILLA,2301,TOCOPILLA,355,200,555,12126,12505,24631,12481,12705,25186,9145,1525,10670,3.71146301,4714545312.5,432838.42917811,4030.68457031,6.24856615
206,6,REGIÓN DEL LIBERTADOR GENERAL BERNARDO O'HIGGINS,61,CACHAPOAL,6110,MOSTAZAL,2245,2144,4389,10418,10536,20954,12663,12680,25343,7224,1876,9100,1.25971933,764970785.599609,150242.18140402,524.69616699,48.30033493
207,13,REGIÓN METROPOLITANA DE SANTIAGO,134,MAIPO,13403,CALERA DE TANGO,6963,6884,13847,5755,5790,11545,12718,12674,25392,3525,4076,7601,0.44059838,105831328.03125,53700.84840302,73.14889526,347.12762451
208,8,REGIÓN DEL BIOBÍO,82,ARAUCO,8201,LEBU,1067,978,2045,11374,12103,23477,12441,13081,25522,8241,1047,9288,2.11344116,896544006.574219,267490.10206552,560.30725098,45.55001068
209,8,REGIÓN DEL BIOBÍO,83,BIOBÍO,8306,NACIMIENTO,1840,1444,3284,11122,11909,23031,12962,13353,26315,8193,1937,10130,1.94707854,1441694451.19531,242252.26809488,906.35174561,29.03398132
210,13,REGIÓN METROPOLITANA DE SANTIAGO,132,CORDILLERA,13202,PIRQUE,7536,7315,14851,5893,5777,11670,13429,13092,26521,3530,4778,8308,1.01236547,645581140.398438,124097.24660945,445.25314331,59.56386948
211,5,REGIÓN DE VALPARAÍSO,51,VALPARAÍSO,5102,CASABLANCA,4639,4226,8865,8707,9295,18002,13346,13521,26867,6256,5350,11606,2.02327747,1370067308.10938,243996.5122225,954.60717773,28.14455986
212,16,REGIÓN DE ÑUBLE,163,PUNILLA,16302,COIHUECO,9105,8678,17783,4319,4779,9098,13424,13457,26881,3166,6888,10054,2.74629399,2760211454.51172,332897.78484003,1773.47302246,15.15726471
213,10,REGIÓN DE LOS LAGOS,102,CHILOÉ,10208,QUELLÓN,4960,4418,9378,8897,8917,17814,13857,13335,27192,6759,4244,11003,9.11097611,6291297325.39844,1166512.8904008,3344.59838867,8.13012409
214,4,REGIÓN DE COQUIMBO,41,ELQUI,4106,VICUÑA,5608,5170,10778,8184,8809,16993,13792,13979,27771,6202,4577,10779,5.72114099,10121549267.1426,684220.65964071,7579.3671875,3.66402602
215,6,REGIÓN DEL LIBERTADOR GENERAL BERNARDO O'HIGGINS,61,CACHAPOAL,6116,REQUÍNOA,6027,5658,11685,8098,8185,16283,14125,13843,27968,5222,4014,9236,1.38624757,991141596.095703,166382.73411005,673.90948486,41.50112534
216,9,REGIÓN DE LA ARAUCANÍA,91,CAUTÍN,9119,VILCÚN,6472,6257,12729,7401,8021,15422,13873,14278,28151,6060,5052,11112,2.71574428,2326964864.41797,328634.96446613,1416.16186523,19.87837791
217,9,REGIÓN DE LA ARAUCANÍA,91,CAUTÍN,9115,PUCÓN,5222,4947,10169,8884,9470,18354,14106,14417,28523,10527,6829,17356,2.1667928,2084745938.21875,269672.72233402,1249.06665039,22.83544922
218,8,REGIÓN DEL BIOBÍO,83,BIOBÍO,8303,CABRERO,3694,3315,7009,10480,11084,21564,14174,14399,28573,7826,3222,11048,1.4317665,1034227658.11719,177259.9492862,657.36456299,43.46598816
219,7,REGIÓN DEL MAULE,73,CURICÓ,7308,TENO,10113,9276,19389,4651,4881,9532,14764,14157,28921,3440,7367,10807,1.70458143,922297327.611328,204317.21871578,619.37634277,46.69374466
220,4,REGIÓN DE COQUIMBO,42,CHOAPA,4204,SALAMANCA,7114,5430,12544,8598,8205,16803,15712,13635,29347,6044,4653,10697,3.63953715,4794187013.01172,437599.43383281,3445.53930664,8.5173893
221,8,REGIÓN DEL BIOBÍO,83,BIOBÍO,8305,MULCHÉN,2954,2524,5478,11643,12506,24149,14597,15030,29627,8270,2419,10689,3.07358014,3082443220.79688,379762.58655937,1920.79382324,15.42435169
222,7,REGIÓN DEL MAULE,74,LINARES,7403,LONGAVÍ,11007,10280,21287,4475,4772,9247,15482,15052,30534,3345,8543,11888,2.63409674,2232577638.67969,325230.49935314,1454.8326416,20.9879818
223,4,REGIÓN DE COQUIMBO,43,LIMARÍ,4303,MONTE PATRIA,7791,7622,15413,7479,7859,15338,15270,15481,30751,5519,7555,13074,3.68039953,5731217022.60547,442605.58359128,4210.92382813,7.30267286
224,4,REGIÓN DE COQUIMBO,42,CHOAPA,4201,ILLAPEL,4978,4818,9796,9761,11291,21052,14739,16109,30848,7891,4429,12320,3.47658518,3629461984.70312,418774.86152017,2628.03930664,11.73802853
225,16,REGIÓN DE ÑUBLE,161,DIGUILLÍN,16103,CHILLÁN VIEJO,1791,1707,3498,12790,14619,27409,14581,16326,30907,9717,1559,11276,0.92274493,410572534.453125,112307.45866123,263.63903809,117.23225403
226,14,REGIÓN DE LOS RÍOS,142,RANCO,14204,RÍO BUENO,7448,6781,14229,8044,9099,17143,15492,15880,31372,6729,6583,13312,3.5328448,3764992814.84766,432091.90608118,2175.37011719,14.42145443
227,5,REGIÓN DE VALPARAÍSO,51,VALPARAÍSO,5107,QUINTERO,2579,2460,5039,13255,13629,26884,15834,16089,31923,14952,2490,17442,0.75490649,207524809.361328,91870.51333098,146.16297913,218.40687561
228,8,REGIÓN DEL BIOBÍO,82,ARAUCO,8205,CURANILAHUE,1161,953,2114,14667,15507,30174,15828,16460,32288,10300,1001,11301,2.04641841,1593853083.25781,251827.10878488,1001.70922852,32.23290634
229,9,REGIÓN DE LA ARAUCANÍA,91,CAUTÍN,9111,NUEVA IMPERIAL,6982,6647,13629,8888,9993,18881,15870,16640,32510,6471,5659,12130,1.75699219,1200724581.41406,222732.02368931,729.03094482,44.59344101
230,13,REGIÓN METROPOLITANA DE SANTIAGO,135,MELIPILLA,13503,CURACAVÍ,6288,5931,12219,9934,10426,20360,16222,16357,32579,6701,5105,11806,1.50720965,997658179.080078,183504.9706252,694.06561279,46.93936539
231,6,REGIÓN DEL LIBERTADOR GENERAL BERNARDO O'HIGGINS,61,CACHAPOAL,6106,GRANEROS,1931,1685,3616,14703,15118,29821,16634,16803,33437,10169,1222,11391,0.53941403,164020453.617188,66122.21937954,112.25189209,297.87469482
232,10,REGIÓN DE LOS LAGOS,101,LLANQUIHUE,10102,CALBUCO,9268,8721,17989,7836,8160,15996,17104,16881,33985,6015,7555,13570,4.80667153,1055391910.89062,603170.0860274,587.70477295,57.82665253
233,9,REGIÓN DE LA ARAUCANÍA,92,MALLECO,9211,VICTORIA,4806,4520,9326,11602,13254,24856,16408,17774,34182,8959,3869,12828,2.00142503,2047228793.51562,246142.99999135,1260.46911621,27.11847496
234,8,REGIÓN DEL BIOBÍO,82,ARAUCO,8203,CAÑETE,7554,7489,15043,9087,10407,19494,16641,17896,34537,7125,5730,12855,2.28762767,1747980313.84375,286923.811237,1087.08129883,31.77039146
235,14,REGIÓN DE LOS RÍOS,141,VALDIVIA,14108,PANGUIPULLI,9939,9327,19266,7260,8013,15273,17199,17340,34539,6814,9996,16810,3.7213785,5579645886.03906,461350.40904871,3300.37792969,10.46516514
236,5,REGIÓN DE VALPARAÍSO,54,PETORCA,5401,LA LIGUA,4845,4536,9381,12495,13514,26009,17340,18050,35390,10036,7273,17309,2.09582115,1636332009.49805,253834.59747248,1164.51733398,30.39027214
237,6,REGIÓN DEL LIBERTADOR GENERAL BERNARDO O'HIGGINS,63,COLCHAGUA,6303,CHIMBARONGO,7778,7135,14913,10046,10440,20486,17824,17575,35399,7429,5494,12923,1.22140329,755422186.791016,148337.57046564,508.76150513,69.5787735
238,13,REGIÓN METROPOLITANA DE SANTIAGO,136,TALAGANTE,13602,EL MONTE,3017,2861,5878,14776,15269,30045,17793,18130,35923,9778,2091,11869,0.49375695,166417181.541016,59105.88436575,114.87223816,312.72134399
239,13,REGIÓN METROPOLITANA DE SANTIAGO,136,TALAGANTE,13603,ISLA DE MAIPO,4756,4522,9278,13295,13646,26941,18051,18168,36219,8572,3254,11826,0.80168591,274806416.972656,95287.68934565,189.33641052,191.29443359
240,8,REGIÓN DEL BIOBÍO,82,ARAUCO,8202,ARAUCO,4569,4368,8937,13306,14014,27320,17875,18382,36257,9534,3718,13252,2.21171848,1515518266,271736.02693942,956.88024902,37.89084244
241,6,REGIÓN DEL LIBERTADOR GENERAL BERNARDO O'HIGGINS,63,COLCHAGUA,6310,SANTA CRUZ,7569,7462,15031,11024,11800,22824,18593,19262,37855,8403,5931,14334,1.25984413,583245594.814453,152689.62045477,393.75570679,96.13829041
242,9,REGIÓN DE LA ARAUCANÍA,91,CAUTÍN,9108,LAUTARO,5532,5160,10692,12916,14405,27321,18448,19565,38013,9939,4186,14125,2.36702426,1485257376.92578,288475.83652221,907.6708374,41.87971878
243,14,REGIÓN DE LOS RÍOS,142,RANCO,14201,LA UNIÓN,6095,5279,11374,12634,14028,26662,18729,19307,38036,9971,5154,15125,3.78762406,3656178671.11719,468285.23623103,2129.92480469,17.85790825
244,10,REGIÓN DE LOS LAGOS,102,CHILOÉ,10202,ANCUD,5548,5178,10726,13481,14784,28265,19029,19962,38991,11097,5862,16959,5.50824479,3153589605.67578,699050.98818887,1738.53161621,22.42754745
245,7,REGIÓN DEL MAULE,72,CAUQUENES,7201,CAUQUENES,3896,3431,7327,15418,17696,33114,19314,21127,40441,13745,4150,17895,3.03503018,3250404904.8125,373173.81979928,2127.23242188,19.01108551
246,7,REGIÓN DEL MAULE,74,LINARES,7404,PARRAL,5655,5188,10843,14510,16284,30794,20165,21472,41637,12115,5333,17448,3.48874028,2522235104.44336,429278.21166293,1637.58312988,25.42588425
247,5,REGIÓN DE VALPARAÍSO,51,VALPARAÍSO,5103,CONCÓN,1503,1240,2743,18818,20591,39409,20321,21831,42152,19228,1062,20290,0.48343122,109192602.236328,57332.81838033,76.64678192,549.95135498
248,7,REGIÓN DEL MAULE,71,TALCA,7109,SAN CLEMENTE,11430,10173,21603,10247,11419,21666,21677,21592,43269,7718,10669,18387,4.48189337,6841275148.49219,545188.16443822,4501.1953125,9.61278057
249,8,REGIÓN DEL BIOBÍO,81,CONCEPCIÓN,8106,LOTA,52,56,108,20898,22529,43427,20950,22585,43535,15381,108,15489,0.64769948,180821659.601562,80583.61524433,114.727005,379.46600342
250,10,REGIÓN DE LOS LAGOS,102,CHILOÉ,10201,CASTRO,4875,4888,9763,16596,17448,34044,21471,22336,43807,13245,4776,18021,2.8794901,859404741.34375,360384.01191698,467.15637207,93.77374268
251,10,REGIÓN DE LOS LAGOS,101,LLANQUIHUE,10109,PUERTO VARAS,6413,5955,12368,15465,16745,32210,21878,22700,44578,11936,5707,17643,5.87782062,7102566223.10156,737441.57170371,4020.07958984,11.08883572
252,7,REGIÓN DEL MAULE,74,LINARES,7406,SAN JAVIER,6642,6336,12978,15360,17209,32569,22002,23545,45547,12043,5852,17895,2.15579043,1987214684.87695,263007.49134606,1311.17749023,34.73748016
253,7,REGIÓN DEL MAULE,73,CURICÓ,7304,MOLINA,4521,4137,8658,18114,19204,37318,22635,23341,45976,13572,3766,17338,3.41239432,2287254842.16406,416934.24965869,1518.08654785,30.28549385
254,7,REGIÓN DEL MAULE,71,TALCA,7102,CONSTITUCIÓN,4623,4172,8795,18382,18891,37273,23005,23063,46068,15113,3627,18740,2.5567234,2007967540.64844,316189.42235019,1334.39367676,34.52354431
255,5,REGIÓN DE VALPARAÍSO,58,MARGA MARGA,5802,LIMACHE,3537,3415,6952,18816,20353,39169,22353,23768,46121,13906,2804,16710,1.17373273,421179751.804688,140932.54345764,295.18121338,156.24639893
256,6,REGIÓN DEL LIBERTADOR GENERAL BERNARDO O'HIGGINS,61,CACHAPOAL,6117,SAN VICENTE,10541,10016,20557,12761,13448,26209,23302,23464,46766,9479,8105,17584,1.19591876,714307297.193359,145933.5334992,484.27279663,96.5695343
257,8,REGIÓN DEL BIOBÍO,81,CONCEPCIÓN,8107,PENCO,256,211,467,22361,24539,46900,22617,24750,47367,15603,231,15834,0.6901788,167710460.785156,85196.00934029,107.41139984,440.98669434
258,7,REGIÓN DEL MAULE,71,TALCA,7105,MAULE,5573,5314,10887,18686,20148,38834,24259,25462,49721,14476,4207,18683,0.82458774,367211249.421875,98098.61625284,242.99293518,204.61911011
259,5,REGIÓN DE VALPARAÍSO,55,QUILLOTA,5502,CALERA,974,912,1886,23488,25180,48668,24462,26092,50554,17414,692,18106,0.55724602,84013059.6601562,66716.07164198,59.30477524,852.44403076
260,3,REGIÓN DE ATACAMA,33,HUASCO,3301,VALLENAR,3098,2800,5898,22324,23695,46019,25422,26495,51917,16216,3186,19402,5.97541085,9410173105.23242,712645.75665918,7226.96191406,7.18379307
261,6,REGIÓN DEL LIBERTADOR GENERAL BERNARDO O'HIGGINS,61,CACHAPOAL,6108,MACHALÍ,566,435,1001,25019,26485,51504,25585,26920,52505,19141,560,19701,2.79967252,3813705887.29688,342001.71741386,2593.34912109,20.24602127
262,16,REGIÓN DE ÑUBLE,163,PUNILLA,16301,SAN CARLOS,9969,9794,19763,15456,17805,33261,25425,27599,53024,12773,8207,20980,2.10221671,1354553610.2207,253659.89211118,876.90893555,60.46694183
263,9,REGIÓN DE LA ARAUCANÍA,92,MALLECO,9201,ANGOL,2364,1987,4351,23249,25662,48911,25613,27649,53262,17429,1984,19413,2.51870572,1916751651.50781,310256.23983505,1195.71008301,44.54424286
264,8,REGIÓN DEL BIOBÍO,81,CONCEPCIÓN,8111,TOMÉ,2787,2619,5406,23132,26408,49540,25919,29027,54946,20255,3068,23323,1.46059683,771827563.28125,182212.48311498,495.93667603,110.79237366
265,9,REGIÓN DE LA ARAUCANÍA,91,CAUTÍN,9120,VILLARRICA,9706,9292,18998,17490,18990,36480,27196,28282,55478,16247,12041,28288,2.312346,2158022033.25781,286428.3578389,1291.13513184,42.96839523
266,11,REGIÓN DE AYSÉN DEL GENERAL CARLOS IBÁÑEZ DEL CAMPO,111,COYHAIQUE,11101,COYHAIQUE,4436,3414,7850,24327,25641,49968,28763,29055,57818,18991,5008,23999,7.90340318,14834742763.5078,1019026.96530597,7280.43847656,7.94155502
267,6,REGIÓN DEL LIBERTADOR GENERAL BERNARDO O'HIGGINS,61,CACHAPOAL,6115,RENGO,6609,6270,12879,22235,23711,45946,28844,29981,58825,16135,4713,20848,1.65473113,862735969.291016,199876.86080227,584.53759766,100.63510132
268,13,REGIÓN METROPOLITANA DE SANTIAGO,136,TALAGANTE,13604,PADRE HURTADO,3919,3603,7522,27533,28195,55728,31452,31798,63250,18422,2385,20807,0.50379383,116995684.111328,60467.87540156,81.06806183,780.20855713
269,5,REGIÓN DE VALPARAÍSO,53,LOS ANDES,5301,LOS ANDES,3603,2088,5691,29686,31331,61017,33289,33419,66708,22130,1531,23661,2.24196399,1757398388.80469,271270.8312276,1233.09228516,54.09814072
270,13,REGIÓN METROPOLITANA DE SANTIAGO,134,MAIPO,13404,PAINE,13330,12676,26006,23191,23562,46753,36521,36238,72759,14554,9908,24462,1.60386285,985040694.792969,194491.77136608,677.66375732,107.36740875
271,6,REGIÓN DEL LIBERTADOR GENERAL BERNARDO O'HIGGINS,63,COLCHAGUA,6301,SAN FERNANDO,5389,4872,10261,30688,33024,63712,36077,37896,73973,24274,4462,28736,2.64180073,3446549936.54102,321145.79950484,2321.18286133,31.8686657
272,13,REGIÓN METROPOLITANA DE SANTIAGO,136,TALAGANTE,13601,TALAGANTE,7531,7497,15028,29238,29971,59209,36769,37468,74237,18395,4876,23271,0.68172189,183173127.728516,80507.18231203,126.59617615,586.40789795
273,9,REGIÓN DE LA ARAUCANÍA,91,CAUTÍN,9112,PADRE LAS CASAS,15629,15054,30683,21367,24076,45443,36996,39130,76126,16033,10125,26158,1.80407154,763485182.65625,219600.66295242,463.31246948,164.30812073
274,5,REGIÓN DE VALPARAÍSO,57,SAN FELIPE DE ACONCAGUA,5701,SAN FELIPE,3662,3565,7227,33557,36060,69617,37219,39625,76844,25146,2562,27708,0.93967427,264713670.255859,113645.97335022,186.86373901,411.23013306
275,13,REGIÓN METROPOLITANA DE SANTIAGO,131,SANTIAGO,13102,CERRILLOS,0,0,0,39631,41201,80832,39631,41201,80832,24547,0,24547,0.20330731,24197898.515625,25050.8820567,16.77964973,4817.26367188
276,13,REGIÓN METROPOLITANA DE SANTIAGO,131,SANTIAGO,13131,SAN RAMÓN,0,0,0,40873,42027,82900,40873,42027,82900,23855,0,23855,0.11076507,8935112.58789063,14023.82747074,6.27711153,13206.7109375
277,13,REGIÓN METROPOLITANA DE SANTIAGO,131,SANTIAGO,13132,VITACURA,0,0,0,38402,46982,85384,38402,46982,85384,31777,0,31777,0.2590733,40948101.5449219,30663.79934563,28.41703415,3004.67675781
278,8,REGIÓN DEL BIOBÍO,81,CONCEPCIÓN,8103,CHIGUAYANTE,37,38,75,40468,45395,85863,40505,45433,85938,28927,32,28959,0.4773693,99210118.5039062,60471.58666612,63.46437073,1354.11413574
279,13,REGIÓN METROPOLITANA DE SANTIAGO,131,SANTIAGO,13109,LA CISTERNA,0,0,0,43147,46972,90119,43147,46972,90119,31480,0,31480,0.12494343,14552391.0683594,15270.07039017,9.97913933,9030.73925781
280,13,REGIÓN METROPOLITANA DE SANTIAGO,136,TALAGANTE,13605,PEÑAFLOR,3572,3565,7137,40372,42692,83064,43944,46257,90201,26356,2193,28549,0.39132614,100206934.736328,46417.53979565,69.3297348,1301.0435791
281,5,REGIÓN DE VALPARAÍSO,55,QUILLOTA,5501,QUILLOTA,6289,5897,12186,37248,41083,78331,43537,46980,90517,28594,4524,33118,0.89770381,428803372.8125,105623.4308598,301.56591797,300.15661621
282,5,REGIÓN DE VALPARAÍSO,56,SAN ANTONIO,5601,SAN ANTONIO,2488,2293,4781,42225,44344,86569,44713,46637,91350,30061,2432,32493,1.2379144,576533852.886719,148715.27160897,398.50613403,229.23109436
283,8,REGIÓN DEL BIOBÍO,81,CONCEPCIÓN,8112,HUALPÉN,402,386,788,43086,47899,90985,43488,48285,91773,30474,248,30722,0.48364066,71218738.3203125,57747.71403438,45.5645256,2014.13269043
284,13,REGIÓN METROPOLITANA DE SANTIAGO,131,SANTIAGO,13113,LA REINA,0,0,0,43599,49188,92787,43599,49188,92787,29801,0,29801,0.24237392,33685680.4960938,28281.82667524,23.43809128,3958.81201172
285,7,REGIÓN DEL MAULE,74,LINARES,7401,LINARES,8149,7781,15930,36522,41150,77672,44671,48931,93602,28313,7363,35676,2.86479333,2243375927.16797,350473.40821251,1466.85595703,63.81130981
286,13,REGIÓN METROPOLITANA DE SANTIAGO,131,SANTIAGO,13129,SAN JOAQUÍN,0,0,0,45831,48661,94492,45831,48661,94492,30096,0,30096,0.13386462,14196855.2070312,16866.66701891,9.9422617,9504.07519531
287,13,REGIÓN METROPOLITANA DE SANTIAGO,131,SANTIAGO,13117,LO PRADO,0,0,0,46799,49450,96249,46799,49450,96249,29526,0,29526,0.10670132,9445860.59765625,12768.25843147,6.56004858,14671.99511719
288,13,REGIÓN METROPOLITANA DE SANTIAGO,134,MAIPO,13402,BUIN,7032,6671,13703,40543,42368,82911,47575,49039,96614,26921,4231,31152,0.87376555,315540028.095703,105298.63185968,217.4977417,444.20690918
289,13,REGIÓN METROPOLITANA DE SANTIAGO,131,SANTIAGO,13107,HUECHURABA,53,46,99,48069,50503,98572,48122,50549,98671,28914,31,28945,0.32052798,64682843.0742188,38454.14637466,44.89830017,2197.65551758
290,13,REGIÓN METROPOLITANA DE SANTIAGO,131,SANTIAGO,13116,LO ESPEJO,0,0,0,49146,49658,98804,49146,49658,98804,26774,0,26774,0.11164979,11704346.7792969,13747.20512363,8.23835754,11993.16796875
291,13,REGIÓN METROPOLITANA DE SANTIAGO,131,SANTIAGO,13108,INDEPENDENCIA,0,0,0,49186,51095,100281,49186,51095,100281,36666,0,36666,0.1114921,10657655.7441406,13645.15718298,7.35546017,13633.54589844
292,13,REGIÓN METROPOLITANA DE SANTIAGO,131,SANTIAGO,13121,PEDRO AGUIRRE CERDA,0,0,0,49513,51661,101174,49513,51661,101174,29906,0,29906,0.12750105,12650067.0878906,15593.00823918,8.75592804,11554.91503906
293,13,REGIÓN METROPOLITANA DE SANTIAGO,133,CHACABUCO,13302,LAMPA,10996,10277,21273,40549,40212,80761,51545,50489,102034,26370,6972,33342,1.03528098,645915507.466797,126276.02899699,450.14556885,226.66889954
294,13,REGIÓN METROPOLITANA DE SANTIAGO,131,SANTIAGO,13115,LO BARNECHEA,2143,556,2699,48357,54777,103134,50500,55333,105833,29016,2209,31225,1.45869138,1469094240.56836,177255.59397472,1023.19354248,103.43399811
295,13,REGIÓN METROPOLITANA DE SANTIAGO,131,SANTIAGO,13130,SAN MIGUEL,0,0,0,50738,57216,107954,50738,57216,107954,42947,0,42947,0.12883632,14038301.453125,16018.45656371,9.61315441,11229.82128906
296,1,REGIÓN DE TARAPACÁ,11,IQUIQUE,1107,ALTO HOSPICIO,2178,313,2491,52028,53856,105884,54206,54169,108375,33090,88,33178,0.94837877,655223786.244141,109555.12353191,573.84875488,188.85638428
297,13,REGIÓN METROPOLITANA DE SANTIAGO,131,SANTIAGO,13126,QUINTA NORMAL,0,0,0,53669,56357,110026,53669,56357,110026,38989,0,38989,0.17384108,16872413.3671875,20954.38389978,11.8173008,9310.5859375
298,4,REGIÓN DE COQUIMBO,43,LIMARÍ,4301,OVALLE,12383,11350,23733,41236,46303,87539,53619,57653,111272,30979,11116,42095,4.65742316,4812124884.6875,561741.85023673,3549.86010742,31.34545898
299,8,REGIÓN DEL BIOBÍO,81,CONCEPCIÓN,8102,CORONEL,1592,1596,3188,54207,58867,113074,55799,60463,116262,39741,1434,41175,1.25110951,429472775.046875,156823.69297098,272.91064453,426.00756836
300,13,REGIÓN METROPOLITANA DE SANTIAGO,131,SANTIAGO,13118,MACUL,0,0,0,55161,61373,116534,55161,61373,116534,43121,0,43121,0.14963388,18520195.4335938,18281.424598,12.84227562,9074.24902344
301,13,REGIÓN METROPOLITANA DE SANTIAGO,131,SANTIAGO,13111,LA GRANJA,0,0,0,57025,59546,116571,57025,59546,116571,34423,0,34423,0.1351985,14638991.1699219,16953.26504513,10.08919907,11554.0390625
302,13,REGIÓN METROPOLITANA DE SANTIAGO,135,MELIPILLA,13501,MELIPILLA,20064,18839,38903,41346,43378,84724,61410,62217,123627,28873,14520,43393,2.30131549,1960011201.83008,277486.99959421,1352.15478516,91.42961884
303,5,REGIÓN DE VALPARAÍSO,58,MARGA MARGA,5804,VILLA ALEMANA,625,596,1221,59131,66196,125327,59756,66792,126548,44443,539,44982,0.49341724,136992830.880859,60159.73748456,96.01743317,1317.96899414
304,13,REGIÓN METROPOLITANA DE SANTIAGO,131,SANTIAGO,13104,CONCHALÍ,0,0,0,61877,65078,126955,61877,65078,126955,37759,0,37759,0.13793497,15905959.1210938,16776.20388144,11.10976315,11427.3359375
305,12,REGIÓN DE MAGALLANES Y DE LA ANTÁRTICA CHILENA,121,MAGALLANES,12101,PUNTA ARENAS,3363,2297,5660,62175,63757,125932,65538,66054,131592,46493,4008,50501,177.80606811,50360774877.668,23890618.4220415,17768.8828125,7.405756
306,8,REGIÓN DEL BIOBÍO,81,CONCEPCIÓN,8108,SAN PEDRO DE LA PAZ,51,73,124,62890,68794,131684,62941,68867,131808,47466,45,47511,0.49596725,143580130.441406,63232.79166453,91.59680176,1439.00231934
307,13,REGIÓN METROPOLITANA DE SANTIAGO,131,SANTIAGO,13103,CERRO NAVIA,0,0,0,65438,67184,132622,65438,67184,132622,38020,0,38020,0.16845627,16101300.7402344,19750.08273223,11.0973587,11950.77148438
308,13,REGIÓN METROPOLITANA DE SANTIAGO,131,SANTIAGO,13123,PROVIDENCIA,0,0,0,65710,76369,142079,65710,76369,142079,70965,0,70965,0.158543,20543805.6523438,19164.55702424,14.39414597,9870.609375
309,13,REGIÓN METROPOLITANA DE SANTIAGO,133,CHACABUCO,13301,COLINA,13940,14249,28189,60695,57323,118018,74635,71572,146207,35279,7749,43028,1.67023051,1388291115.35156,203420.73819963,970.69775391,150.62051392
310,13,REGIÓN METROPOLITANA DE SANTIAGO,131,SANTIAGO,13106,ESTACIÓN CENTRAL,0,0,0,73458,73583,147041,73458,73583,147041,52486,0,52486,0.18909735,20762011.6152344,22529.2921649,14.35326099,10244.43164063
311,13,REGIÓN METROPOLITANA DE SANTIAGO,131,SANTIAGO,13128,RENCA,0,0,0,72681,74470,147151,72681,74470,147151,43174,0,43174,0.288063,34035034.0039062,34207.31408762,23.75544167,6194.41210938
312,7,REGIÓN DEL MAULE,73,CURICÓ,7301,CURICÓ,8587,7980,16567,63924,68645,132569,72511,76625,149136,48124,6474,54598,3.20319739,2001250360.20312,386869.81270362,1333.78759766,111.81390381
313,5,REGIÓN DE VALPARAÍSO,58,MARGA MARGA,5801,QUILPUÉ,1111,1001,2112,70635,78961,149596,71746,79962,151708,55424,1427,56851,1.5951468,766337794.625,191961.04952026,536.03820801,283.01715088
314,8,REGIÓN DEL BIOBÍO,81,CONCEPCIÓN,8110,TALCAHUANO,1043,386,1429,71950,78370,150320,72993,78756,151749,50466,133,50599,0.98334896,145493090.804688,122103.03357704,93.16247559,1628.8638916
315,3,REGIÓN DE ATACAMA,31,COPIAPÓ,3101,COPIAPÓ,1637,1338,2975,74990,75972,150962,76627,77310,153937,53641,1924,55565,11.81348598,22623871504.3516,1392631.04437452,17780.30273438,8.65772629
316,13,REGIÓN METROPOLITANA DE SANTIAGO,131,SANTIAGO,13127,RECOLETA,0,0,0,77709,80142,157851,77709,80142,157851,50178,0,50178,0.17895426,22677272.5234375,22059.81622936,15.78466702,10000.27441406
317,10,REGIÓN DE LOS LAGOS,103,OSORNO,10301,OSORNO,6987,6647,13634,70168,77658,147826,77155,84305,161460,54764,5368,60132,2.59097419,1658706044.03125,326707.92111983,954.9631958,169.07458496
318,13,REGIÓN METROPOLITANA DE SANTIAGO,131,SANTIAGO,13105,EL BOSQUE,0,0,0,79372,83133,162505,79372,83133,162505,47941,0,47941,0.15100976,20556192.9648438,18499.71311817,14.32440186,11344.62695313
319,2,REGIÓN DE ANTOFAGASTA,22,EL LOA,2201,CALAMA,5619,1625,7244,80430,78057,158487,86049,79682,165731,53045,4262,57307,6.02715538,18278099852.2598,703500.09117261,15587.59277344,10.63223839
320,14,REGIÓN DE LOS RÍOS,141,VALDIVIA,14101,VALDIVIA,6125,5239,11364,74223,80493,154716,80348,85732,166080,56021,5171,61192,5.34476461,1638118308.24609,675035.79017372,965.71728516,171.97579956
321,13,REGIÓN METROPOLITANA DE SANTIAGO,131,SANTIAGO,13112,LA PINTANA,0,0,0,87044,90291,177335,87044,90291,177335,50042,0,50042,0.25874363,44102900.3769531,31888.36784924,30.45133972,5823.55322266
322,16,REGIÓN DE ÑUBLE,161,DIGUILLÍN,16101,CHILLÁN,8088,8004,16092,79433,89214,168647,87521,97218,184739,61352,6502,67854,2.13211327,737849045.679688,257551.5204243,474.82727051,389.06567383
323,1,REGIÓN DE TARAPACÁ,11,IQUIQUE,1101,IQUIQUE,1417,986,2403,93480,95585,189065,94897,96571,191468,65498,1488,66986,3.77706865,2636780105.06055,439871.45640217,2287.62353516,83.69734192
324,8,REGIÓN DEL BIOBÍO,83,BIOBÍO,8301,LOS ÁNGELES,26055,25189,51244,71925,79162,151087,97980,104351,202331,55020,19916,74936,2.59784022,2779001547.55078,317642.81876889,1751.03833008,115.54915619
325,13,REGIÓN METROPOLITANA DE SANTIAGO,131,SANTIAGO,13120,ÑUÑOA,0,0,0,95409,112828,208237,95409,112828,208237,92248,0,92248,0.17543634,24312289.921875,21168.7374012,16.85680199,12353.29296875
326,13,REGIÓN METROPOLITANA DE SANTIAGO,131,SANTIAGO,13125,QUILICURA,330,222,552,103126,106732,209858,103456,106954,210410,62278,192,62470,0.34884564,82393986.5253906,41289.84418584,57.32133484,3670.71020508
327,7,REGIÓN DEL MAULE,71,TALCA,7101,TALCA,4819,4622,9441,100803,110113,210916,105622,114735,220357,77378,3432,80810,0.83420002,350271466.792969,103620.78583733,232.00720215,949.78515625
328,4,REGIÓN DE COQUIMBO,41,ELQUI,4101,LA SERENA,11114,9300,20414,94722,105918,200640,105836,115218,221054,78787,8677,87464,2.5682784,2532762458.81836,306997.85142226,1901.45361328,116.25527191
329,15,REGIÓN DE ARICA Y PARINACOTA,151,ARICA,15101,ARICA,9678,6607,16285,99711,105368,205079,109389,111975,221364,66397,6242,72639,3.38558453,5362875726.93359,385226.62231774,4792.37597656,46.19086456
330,8,REGIÓN DEL BIOBÍO,81,CONCEPCIÓN,8101,CONCEPCIÓN,2258,2259,4517,105366,113691,219057,107624,115950,223574,83927,1711,85638,0.84781326,337655453.890625,104779.93581866,215.82827759,1035.88830566
331,4,REGIÓN DE COQUIMBO,41,ELQUI,4102,COQUIMBO,6662,6518,13180,103210,111340,214550,109872,117858,227730,82063,7436,89499,2.70815362,1915023875.85547,325049.69990046,1425.08251953,159.80126953
332,13,REGIÓN METROPOLITANA DE SANTIAGO,131,SANTIAGO,13124,PUDAHUEL,2155,2000,4155,110257,115881,226138,112412,117881,230293,67613,1327,68940,0.71132011,283968135.449219,85102.01869235,197.2583313,1167.46911621
333,13,REGIÓN METROPOLITANA DE SANTIAGO,131,SANTIAGO,13122,PEÑALOLÉN,0,0,0,116882,124717,241599,116882,124717,241599,70394,0,70394,0.37143994,77268398.5214844,43484.87295521,53.60748672,4506.81445313
334,6,REGIÓN DEL LIBERTADOR GENERAL BERNARDO O'HIGGINS,61,CACHAPOAL,6101,RANCAGUA,4667,2924,7591,113275,120908,234183,117942,123832,241774,87992,2051,90043,0.80360789,382835855.197266,96984.98186731,261.74942017,923.68493652
335,10,REGIÓN DE LOS LAGOS,101,LLANQUIHUE,10101,PUERTO MONTT,13310,12449,25759,107709,112434,220143,121019,124883,245902,81573,11807,93380,4.0411305,2985827716.92578,509090.66521071,1674.01367188,146.8936615
336,9,REGIÓN DE LA ARAUCANÍA,91,CAUTÍN,9101,TEMUCO,9766,9484,19250,124523,138642,263165,134289,148126,282415,97737,7020,104757,1.13813955,764074904.550781,140875.48200547,465.19735718,607.08642578
337,13,REGIÓN METROPOLITANA DE SANTIAGO,131,SANTIAGO,13114,LAS CONDES,0,0,0,135917,158921,294838,135917,158921,294838,118007,0,118007,0.51417939,142733761.398438,61357.34816552,99.04109955,2976.92578125
338,5,REGIÓN DE VALPARAÍSO,51,VALPARAÍSO,5101,VALPARAÍSO,436,301,737,144509,151409,295918,144945,151710,296655,115970,1226,117196,1.40266594,452071490.671875,167384.22881889,318.0100708,932.84783936
339,13,REGIÓN METROPOLITANA DE SANTIAGO,134,MAIPO,13401,SAN BERNARDO,2596,2469,5065,145204,151044,296248,147800,153513,301313,88635,1606,90241,0.84376486,221343836.261719,102327.63266375,152.87542725,1970.97070313
340,5,REGIÓN DE VALPARAÍSO,51,VALPARAÍSO,5109,VIÑA DEL MAR,0,0,0,158669,175579,334248,158669,175579,334248,147117,0,147117,0.59710918,172001380.007812,72706.62734474,120.57284546,2772.16650391
341,2,REGIÓN DE ANTOFAGASTA,21,ANTOFAGASTA,2101,ANTOFAGASTA,6906,863,7769,174940,179164,354104,181846,180027,361873,111752,699,112451,10.68244873,37127444667.6582,1236881.7535023,30690.39257813,11.79108429
342,13,REGIÓN METROPOLITANA DE SANTIAGO,131,SANTIAGO,13110,LA FLORIDA,67,50,117,175626,191173,366799,175693,191223,366916,119991,44,120035,0.49971219,102326496.041016,58877.61978238,70.82265472,5180.77148438
343,13,REGIÓN METROPOLITANA DE SANTIAGO,131,SANTIAGO,13101,SANTIAGO,0,0,0,206678,197817,404495,206678,197817,404495,193628,0,193628,0.24052378,33366985.8046875,28964.17331087,23.13523674,17483.93554688
344,13,REGIÓN METROPOLITANA DE SANTIAGO,131,SANTIAGO,13119,MAIPÚ,1952,1481,3433,248840,269354,518194,250792,270835,521627,160389,965,161354,0.61626031,198389205.4375,73181.7877851,137.6761322,3788.79760742
345,13,REGIÓN METROPOLITANA DE SANTIAGO,132,CORDILLERA,13201,PUENTE ALTO,6,6,12,275141,292953,568094,275147,292959,568106,171506,5,171511,0.49167463,127416650.107422,59058.9719066,88.23865509,6438.28955078
